23.72553551197052
22.547423839569092
23.231712579727173
24.361600637435913
23.725823760032654
23.238239884376526
21.906848430633545
21.631295561790466
22.445056319236755
22.376896262168884
23.204288244247437
22.531968235969543
22.089920043945312
21.364383697509766
22.152832627296448
21.754112005233765
22.24396848678589
23.253408074378967
22.935423374176025
21.693568348884583
19.53977620601654
19.143455862998962
18.879583954811096
19.734111785888672
19.54265606403351
19.006943941116333
19.86851191520691
20.156256318092346
20.91980803012848
22.448863863945007
21.91753590106964
23.069695591926575
24.32960033416748
23.885472059249878
22.1563840508461
23.63753604888916
22.840416312217712
21.937567591667175
21.486720323562622
21.829984426498413
20.94812786579132
21.532512307167053
21.05024027824402
19.884159445762634
19.1249920129776
18.611743807792664
19.3608318567276
21.042207717895508
20.810943841934204
22.973151445388794
22.680607795715332
23.093440294265747
24.062687277793884
22.564768433570862
22.385952413082123
23.114271461963654
21.557631850242615
26.668480396270752
24.425792157649994
25.644191205501556
22.58457577228546
24.25654375553131
23.012256383895874
23.602303862571716
24.033503532409668
22.046560525894165
22.400704264640808
21.19593572616577
21.626559734344482
20.834240317344666
19.556671977043152
18.477535486221313
18.38380789756775
18.256352066993713
18.922368049621582
18.672927737236023
20.050527930259705
19.055808007717133
19.435392260551453
22.131839752197266
20.379167556762695
20.962783932685852
20.42348837852478
21.062048316001892
21.599040031433105
19.769823789596558
19.75654447078705
20.53593611717224
21.033408045768738
21.054720401763916
21.137311577796936
20.996447920799255
19.66918444633484
18.81923145055771
19.57526445388794
21.470399379730225
23.60412883758545
22.6359680891037
24.16476845741272
24.7400324344635
