23.466568142175674 23.544048309326172 0.9
22.97928183608585 24.915615558624268 0.8991377226903496
22.741499500615255 20.984623908996582 0.8776944925377974
22.66951250402551 21.412960052490234 0.8987352897158882
22.07130140562852 22.33183193206787 0.9135347154471902
21.69673827598835 22.24073600769043 0.9104844059426027
21.90754640453002 22.574352264404297 0.9040243473149172
21.972184668748806 22.29863214492798 0.8961673209935711
21.867277872833338 22.78156852722168 0.8922938962248721
21.655325421265193 23.093224048614502 0.881464431789728
21.786770386828316 21.06540822982788 0.8642757724421493
21.943012358778613 21.41197633743286 0.8732244975697947
22.08965000230819 23.15012788772583 0.8797085014851344
22.102041506248973 21.880023956298828 0.8671963824316644
21.899317184815537 22.513847827911377 0.8698853623983416
21.730208805844754 22.18284797668457 0.8624775935327103
21.686259804737 22.40984010696411 0.8569383747032342
21.62180422531085 22.98972797393799 0.8480640236600607
21.553377360105515 22.005712032318115 0.8312664463831416
