26.840551644563675 28.162607669830322 0.9
24.406133188141716 27.51689577102661 0.8873335059237792
23.600642238344467 27.462568283081055 0.8550442980187543
23.349163726756448 26.285704135894775 0.8129045631223373
22.648951979974907 25.874864101409912 0.7789661819428216
22.22900633770844 25.13973569869995 0.7392398640583843
22.36555581759004 24.80728816986084 0.7008569685670769
22.456008241726803 23.811376094818115 0.667084801798288
22.35320441831242 23.194135665893555 0.6474496611899514
22.134897020398355 24.295207500457764 0.6348434169314134
22.262390547328526 24.058815956115723 0.6013004440063461
22.370621332677743 21.785760402679443 0.5718830102179706
22.482072031125426 23.641055583953857 0.5817478578644891
22.47353370638861 23.21672821044922 0.5623595686058891
22.250620566509866 22.327720165252686 0.5495023518276128
22.085284877427018 22.32811212539673 0.548131818952867
22.028217538481666 22.28327226638794 0.5437622566414348
21.97733321752441 22.92346429824829 0.5391199144205502
21.91962893402323 22.77574396133423 0.5215045003955558
